0001
0006
0011
0016
0017
0018
0019
0020
0026
0031
0036
0041
0046
0051
0056
0061
0066
0071
0076
0081
0086
0091
0096
0101
0106
0111
0116
0121
0126
0131
0136
0141
0146
0151
0156
0161
0166
0171
0176
0181
0186
0191
0196
0201
0206
0211
0216
0221
0226
0231
0236
0241
0246
0251
0255
0261
0266
0271
0276
0281
0286
0291
0296
0301
0306
0311
0316
0321
0326
0331
0336
0341
0346
0351
0356
0361
0366
0371
0376
0381
0386
0391
0396
0401
0406
0411
0415
0421
0426
0431
0436
0441
0446
0451
0456
0461
0466
0471
0476
0481
0486
0491
0496
0501
0505
0511
0516
0520
0526
0531
0536
0541
0546
0550
0555
0561
0566
0571
0576
0581
0586
0591
0596
0601
0606
0611
0616
0621
0626
0631
0636
0641
0646
0651
0656
0661
0666
0671
0676
0681
0686
0691
0696
0701
0706
0711
0716
0721
0726
0731
0736
0741
0746
0751
0756
0761
0766
0771
0776
0781
0786
0791
0796
0801
0806
0811
0816
0821
0826
0830
0836
0841
0846
0851
0856
0861
0866
0871
0876
0881
0886
0891
0896
0901
