0001
0006
0011
0016
0021
0025
0030
0036
0040
0045
0050
0056
0061
0066
0071
0076
0080
0085
0091
0095
0100
0105
0110
0115
0121
0126
0129
0136
0139
0145
0150
0154
0159
0166
0171
0174
0179
0186
0190
0195
0201
0205
0209
0216
0221
0226
0231
0235
0240
0246
0251
0256
0259
0265
0270
0276
0281
0284
0289
0295
0301
0306
0311
0315
0321
0326
0331
0336
0341
0345
0351
0355
0359
0366
0371
0375
0380
0386
0390
0396
0401
0406
0411
0414
0420
0426
0430
0435
0440
0446
0450
0455
0459
0465
0470
0475
0479
0485
0491
0495
0500
0504
0510
0516
0520
0526
0531
0535
0540
0545
0551
0556
0561
0565
0570
0576
0579
0585
0589
0595
0600
0605
0610
0614
0619
0626
0629
0636
0639
0645
0650
0656
0661
0666
0669
